[[1.443807134822991, 1.4426809108752523, 1.6825886141724948, 1.270216708824797, 1.3669105872074578, 1.2591427712058896, 1.3243567969785992, 1.3069491290459312, 1.3124976973752702, 1.307723567623042, 1.307723567623042, 1.3334212031153272, 1.3334212031153272, 1.443807134822991, 1.515395197739334, 1.3961127100581605, 1.5046619022575431, 1.6000834311196321, 1.4293984707503937, 1.5449765320562352, 1.4591583232231626, 1.6500098131216026, 1.56420467724013, 1.2605367966338443, 1.3551601705842964, 1.2719813943199425, 1.3387188303461484, 1.3436816737793096, 1.6516991616070118, 1.4293984707503937, 1.3124976973752702, 1.3124976973752702, 1.443807134822991, 1.443807134822991, 1.443807134822991, 1.443807134822991, 1.5449765320562352, 1.443807134822991, 1.6500098131216026, 1.6500098131216026, 1.443807134822991, 1.6500098131216026, 1.5449765320562352, 1.443807134822991], [1.4426809108752523, 1.50332959530566, 1.8483157121620022, 1.3247423364693105, 1.4117244167385792, 1.2656968053813333, 1.3625367928926715, 1.351929629101524, 1.316397794674725, 1.303328877121711, 1.303328877121711, 1.3315756638212615, 1.3315756638212615, 1.50332959530566, 1.6732778823605179, 1.4590434592657706, 1.614600219960633, 1.7697608281862172, 1.5354911630061623, 1.6432588456800128, 1.547294828424391, 1.8208239606790881, 1.7140540678464868, 1.3271592310793832, 1.4325709739249888, 1.3316872491631562, 1.4226026779666725, 1.445956924542269, 1.8195245021803044, 1.5354911630061623, 1.316397794674725, 1.316397794674725, 1.50332959530566, 1.50332959530566, 1.50332959530566, 1.50332959530566, 1.6432588456800128, 1.50332959530566, 1.8208239606790881, 1.8208239606790881, 1.50332959530566, 1.8208239606790881, 1.6432588456800128, 1.50332959530566], [1.6825886141724948, 1.8483157121620022, 1.7631718929916294, 1.4687844851063538, 1.5422786193440559, 1.2469404443682597, 1.3845101155681354, 1.4585461677740152, 1.4327487913994859, 1.43649164672211, 1.43649164672211, 1.349103244798356, 1.349103244798356, 1.7631718929916294, 2.176065760367924, 1.736954565787293, 2.04445171180673, 2.1885575978910086, 2.094981542555478, 2.047829022304389, 1.985615932726465, 2.2157238003381368, 2.189219761252394, 1.634548312215575, 1.73148919504044, 1.5143114671949773, 1.6911399789899098, 1.8749048827533943, 2.225917408707903, 2.094981542555478, 1.4327487913994859, 1.4327487913994859, 1.7631718929916294, 1.7631718929916294, 1.7631718929916294, 1.7631718929916294, 2.047829022304389, 1.7631718929916294, 2.2157238003381368, 2.2157238003381368, 1.7631718929916294, 2.2157238003381368, 2.047829022304389, 1.7631718929916294], [1.270216708824797, 1.3247423364693105, 1.4687844851063538, 1.3572342159319526, 1.2809438831881022, 1.241161225390482, 1.2387825502111858, 1.2239472524155477, 1.3163788393942153, 1.3237735220709748, 1.3237735220709748, 1.3279704047642371, 1.3279704047642371, 1.3572342159319526, 1.340211088474233, 1.3108611382026134, 1.3631970338988886, 1.3771246676668651, 1.3312231730217514, 1.4165064455838867, 1.347733147065918, 1.4324205928458582, 1.3923954485081405, 1.1693966679815428, 1.2529532987931349, 1.183644799209114, 1.218368421507393, 1.2127476426903825, 1.4363709828032287, 1.3312231730217514, 1.3163788393942153, 1.3163788393942153, 1.3572342159319526, 1.3572342159319526, 1.3572342159319526, 1.3572342159319526, 1.4165064455838867, 1.3572342159319526, 1.4324205928458582, 1.4324205928458582, 1.3572342159319526, 1.4324205928458582, 1.4165064455838867, 1.3572342159319526], [1.3669105872074578, 1.4117244167385792, 1.5422786193440559, 1.2809438831881022, 1.4259462157301592, 1.2789658758997253, 1.376464655009583, 1.3487384095280486, 1.2848286561355708, 1.2568624765692793, 1.2568624765692793, 1.3476366599888276, 1.3476366599888276, 1.4259462157301592, 1.3502874272868417, 1.371872299707122, 1.4279802316145551, 1.4323809130207426, 1.3226280657045373, 1.2983421477836163, 1.4172442833721717, 1.5069149355098455, 1.4500211916073906, 1.251983342081734, 1.3450398805202648, 1.289169568702025, 1.339538559002754, 1.2974652238729822, 1.5073500527058992, 1.3226280657045373, 1.2848286561355708, 1.2848286561355708, 1.4259462157301592, 1.4259462157301592, 1.4259462157301592, 1.4259462157301592, 1.2983421477836163, 1.4259462157301592, 1.5069149355098455, 1.5069149355098455, 1.4259462157301592, 1.5069149355098455, 1.2983421477836163, 1.4259462157301592], [1.2591427712058896, 1.2656968053813333, 1.2469404443682597, 1.241161225390482, 1.2789658758997253, 1.299176584069653, 1.2798895694569445, 1.2556983855087929, 1.172927984462399, 3.530712850626314, 3.530712850626314, 3.725779241368075, 3.725779241368075, 1.299176584069653, 1.1619389380601954, 1.2627033607141789, 1.250887447972779, 1.2076090560677455, 1.192279287015104, 1.286851455701792, 1.248920991346355, 1.2324147407840216, 1.2207211775362066, 1.1859574657450738, 1.2284597886372113, 1.22468921702177, 1.2424488825832332, 1.2009253101382655, 1.34073542870858, 1.192279287015104, 1.172927984462399, 1.172927984462399, 1.299176584069653, 1.299176584069653, 1.299176584069653, 1.299176584069653, 1.286851455701792, 1.299176584069653, 1.2324147407840216, 1.2324147407840216, 1.299176584069653, 1.2324147407840216, 1.286851455701792, 1.299176584069653], [1.3243567969785992, 1.3625367928926715, 1.3845101155681354, 1.2387825502111858, 1.376464655009583, 1.2798895694569445, 1.381294620650117, 1.2944783224014857, 1.2553380140258947, 1.2240357411291138, 1.2240357411291138, 1.35198602655957, 1.35198602655957, 1.381294620650117, 1.2210926092897936, 1.32118839604894, 1.3372155333536255, 1.2996473942317102, 1.2360426803140452, 1.398273605782106, 1.34339280926774, 1.3604194184487857, 1.319367442395666, 1.1833966933469835, 1.28336700023863, 1.2585355684235382, 1.2971248492483753, 1.2328356082618088, 1.3425750219489956, 1.2360426803140452, 1.2553380140258947, 1.2553380140258947, 1.381294620650117, 1.381294620650117, 1.381294620650117, 1.381294620650117, 1.398273605782106, 1.381294620650117, 1.3604194184487857, 1.3604194184487857, 1.381294620650117, 1.3604194184487857, 1.398273605782106, 1.381294620650117], [1.3069491290459312, 1.351929629101524, 1.4585461677740152, 1.2239472524155477, 1.3487384095280486, 1.2556983855087929, 1.2944783224014857, 1.3917323432208555, 1.2084773618484559, 1.1801519337669129, 1.1801519337669129, 1.278589137056793, 1.278589137056793, 1.3917323432208555, 1.2696699153827553, 1.3089741798388956, 1.3504850842938672, 1.3406500465218292, 1.2665951638554107, 1.4195602280283448, 1.36535141112535, 1.421538687943024, 1.3776222222980812, 1.1690597946460788, 1.266515744190047, 1.2246031503939223, 1.2738629574674396, 1.2117960356289117, 1.4141459720579457, 1.2665951638554107, 1.2084773618484559, 1.2084773618484559, 1.3917323432208555, 1.3917323432208555, 1.3917323432208555, 1.3917323432208555, 1.4195602280283448, 1.3917323432208555, 1.421538687943024, 1.421538687943024, 1.3917323432208555, 1.421538687943024, 1.4195602280283448, 1.3917323432208555], [1.3124976973752702, 1.316397794674725, 1.4327487913994859, 1.3163788393942153, 1.2848286561355708, 1.172927984462399, 1.2553380140258947, 1.2084773618484559, 1.3579035646320876, 1.1661638704446193, 1.1661638704446193, 1.1977431933336233, 1.1977431933336233, 1.3579035646320876, 1.245960340302799, 1.2649113910397767, 1.320430595381514, 1.2952792786803338, 1.26154067805489, 1.3962150293353564, 1.3711658956418324, 1.382137437998684, 1.349098266771471, 1.184199136568573, 1.2577927702068594, 1.2253699850071955, 1.2595471051285214, 1.2134102273488547, 1.4091088280199315, 1.26154067805489, 2.518599747330916, 2.518599747330916, 1.3579035646320876, 1.3579035646320876, 1.3579035646320876, 1.3579035646320876, 1.3962150293353564, 1.3579035646320876, 1.382137437998684, 1.382137437998684, 1.3579035646320876, 1.382137437998684, 1.3962150293353564, 1.3579035646320876], [1.307723567623042, 1.303328877121711, 1.43649164672211, 1.3237735220709748, 1.2568624765692793, 3.530712850626314, 1.2240357411291138, 1.1801519337669129, 1.1661638704446193, 1.3241538479819166, 0.9946536432140575, 1.0973923526922995, 1.0973923526922995, 1.3241538479819166, 1.248458659577253, 1.262065218813209, 1.3060247536776566, 3.090511335674347, 1.2476758335210552, 1.3917846118583665, 1.3486183104456742, 1.3819877390013549, 1.3538906825082173, 1.187624636036893, 1.2471249277867689, 1.1970238707066572, 1.240950854173349, 1.2012309967199652, 1.4001714169810162, 1.2476758335210552, 1.1661638704446193, 1.1661638704446193, 1.3241538479819166, 1.3241538479819166, 1.3241538479819166, 1.3241538479819166, 1.3917846118583665, 1.3241538479819166, 1.3819877390013549, 1.3819877390013549, 1.3241538479819166, 1.3819877390013549, 1.3917846118583665, 1.3241538479819166], [1.307723567623042, 1.303328877121711, 1.43649164672211, 1.3237735220709748, 1.2568624765692793, 3.530712850626314, 1.2240357411291138, 1.1801519337669129, 1.1661638704446193, 0.9946536432140575, 1.3241538479819166, 1.0973923526922995, 1.0973923526922995, 1.3241538479819166, 1.248458659577253, 1.262065218813209, 1.3060247536776566, 3.090511335674347, 1.2476758335210552, 1.3917846118583665, 1.3486183104456742, 1.3819877390013549, 1.3538906825082173, 1.187624636036893, 1.2471249277867689, 1.1970238707066572, 1.240950854173349, 1.2012309967199652, 1.4001714169810162, 1.2476758335210552, 1.1661638704446193, 1.1661638704446193, 1.3241538479819166, 1.3241538479819166, 1.3241538479819166, 1.3241538479819166, 1.3917846118583665, 1.3241538479819166, 1.3819877390013549, 1.3819877390013549, 1.3241538479819166, 1.3819877390013549, 1.3917846118583665, 1.3241538479819166], [1.3334212031153272, 1.3315756638212615, 1.349103244798356, 1.3279704047642371, 1.3476366599888276, 3.725779241368075, 1.35198602655957, 1.278589137056793, 1.1977431933336233, 1.0973923526922995, 1.0973923526922995, 1.371122291748949, 1.262692693082244, 1.371122291748949, 1.2041228650942786, 1.267858418517658, 1.3104052939669562, 1.2424891194119307, 1.2239980837430942, 1.3898260000904292, 1.363682478459512, 1.3045422373167364, 1.296828868235245, 1.2131384833742902, 1.2849154363183404, 1.2794697204884447, 1.2993462295697318, 1.2297488626084803, 2.160589525066234, 1.2239980837430942, 1.1977431933336233, 1.1977431933336233, 1.371122291748949, 1.371122291748949, 1.371122291748949, 1.371122291748949, 1.3898260000904292, 1.371122291748949, 1.3045422373167364, 1.3045422373167364, 1.371122291748949, 1.3045422373167364, 1.3898260000904292, 1.371122291748949], [1.3334212031153272, 1.3315756638212615, 1.349103244798356, 1.3279704047642371, 1.3476366599888276, 3.725779241368075, 1.35198602655957, 1.278589137056793, 1.1977431933336233, 1.0973923526922995, 1.0973923526922995, 1.262692693082244, 1.371122291748949, 1.371122291748949, 1.2041228650942786, 1.267858418517658, 1.3104052939669562, 1.2424891194119307, 1.2239980837430942, 1.3898260000904292, 1.363682478459512, 1.3045422373167364, 1.296828868235245, 1.2131384833742902, 1.2849154363183404, 1.2794697204884447, 1.2993462295697318, 1.2297488626084803, 2.160589525066234, 1.2239980837430942, 1.1977431933336233, 1.1977431933336233, 1.371122291748949, 1.371122291748949, 1.371122291748949, 1.371122291748949, 1.3898260000904292, 1.371122291748949, 1.3045422373167364, 1.3045422373167364, 1.371122291748949, 1.3045422373167364, 1.3898260000904292, 1.371122291748949], [1.443807134822991, 1.50332959530566, 1.7631718929916294, 1.3572342159319526, 1.4259462157301592, 1.299176584069653, 1.381294620650117, 1.3917323432208555, 1.3579035646320876, 1.3241538479819166, 1.3241538479819166, 1.371122291748949, 1.371122291748949, 1.072608438646554, 1.6889007348506624, 1.1616607819717713, 1.0790211297841856, 1.1217959570731342, 1.155241671661289, 1.6283825364722473, 1.2314288530363133, 1.133503243138681, 1.7797000793843027, 1.3613315939444648, 1.5128368546147888, 1.3899276865488777, 1.4553018365783115, 1.5261055146496556, 1.5964760570229357, 1.453492540134893, 1.3579035646320876, 1.3579035646320876, 1.2244925200239816, 1.2244925200239816, 1.2244925200239816, 1.2244925200239816, 1.2031640259363057, 1.1067744273872204, 1.0531996095364984, 1.1375197085666549, 1.188503696007535, 1.1528580925350065, 1.372518876051994, 1.072608438646554], [1.515395197739334, 1.6732778823605179, 2.176065760367924, 1.340211088474233, 1.3502874272868417, 1.1619389380601954, 1.2210926092897936, 1.2696699153827553, 1.245960340302799, 1.248458659577253, 1.248458659577253, 1.2041228650942786, 1.2041228650942786, 1.6889007348506624, 1.5184079255230039, 1.0913783691282912, 1.8675380957559091, 2.132530803477861, 1.9841676076622017, 1.566366558464952, 1.8300740100489779, 2.166045633101516, 2.154244048306664, 1.220604353467632, 1.4009966938393632, 1.3151578756284135, 1.4928680488238888, 1.7271070358875824, 1.5199002605087628, 1.9841676076622017, 1.245960340302799, 1.245960340302799, 1.5184079255230039, 1.5184079255230039, 1.5184079255230039, 1.5184079255230039, 1.8470061561839697, 1.1254403152344739, 2.166045633101516, 2.166045633101516, 1.2374067725636821, 2.166045633101516, 1.351941078810703, 1.6889007348506624], [1.3961127100581605, 1.4590434592657706, 1.736954565787293, 1.3108611382026134, 1.371872299707122, 1.2627033607141789, 1.32118839604894, 1.3089741798388956, 1.2649113910397767, 1.262065218813209, 1.262065218813209, 1.267858418517658, 1.267858418517658, 1.1616607819717713, 1.0913783691282912, 1.2115883335718494, 1.1640059927186683, 1.1859877558552119, 1.1431118659992476, 1.4699205642529987, 1.2972050678012117, 1.2569322503871243, 1.224327814704302, 1.2089438851233005, 1.4674899187224093, 1.220077525231713, 1.1441024272517444, 1.1012497698038768, 1.412191963713059, 1.418810615981026, 1.2649113910397767, 1.2649113910397767, 1.2300371377983534, 1.2300371377983534, 1.2300371377983534, 1.2300371377983534, 1.2414355170747078, 1.1581235177314526, 1.186448512297119, 1.1113362662542556, 1.2325808249274541, 1.182026946437011, 1.321580948667041, 1.1616607819717713], [1.5046619022575431, 1.614600219960633, 2.04445171180673, 1.3631970338988886, 1.4279802316145551, 1.250887447972779, 1.3372155333536255, 1.3504850842938672, 1.320430595381514, 1.3060247536776566, 1.3060247536776566, 1.3104052939669562, 1.3104052939669562, 1.0790211297841856, 1.8675380957559091, 1.1640059927186683, 1.2315608851269932, 1.9519443366587514, 1.7017771932132155, 1.592193688718492, 1.627242669366634, 2.010566197510051, 1.9067586493463222, 1.3721774524822565, 1.4226062146738176, 1.3557357526048581, 1.4779746148639212, 1.5343171662107222, 1.5291831760716441, 1.7017771932132155, 1.320430595381514, 1.320430595381514, 1.2315608851269932, 1.2315608851269932, 1.2315608851269932, 1.2315608851269932, 1.5629075107538233, 1.126696955376473, 2.010566197510051, 2.010566197510051, 1.1718562399809311, 2.010566197510051, 1.387613968666726, 1.0790211297841856], [1.6000834311196321, 1.7697608281862172, 2.1885575978910086, 1.3771246676668651, 1.4323809130207426, 1.2076090560677455, 1.2996473942317102, 1.3406500465218292, 1.2952792786803338, 3.090511335674347, 3.090511335674347, 1.2424891194119307, 1.2424891194119307, 1.1217959570731342, 2.132530803477861, 1.1859877558552119, 1.9519443366587514, 1.6533364865591098, 2.0306415782398446, 1.6312334412200622, 1.8638588543477819, 2.1710023456472856, 2.145888489353608, 1.3900191373849093, 1.4567875867640132, 1.3863111167532258, 1.5822825066087345, 1.7708149687371364, 1.5455344974624108, 2.0306415782398446, 1.2952792786803338, 1.2952792786803338, 1.6533364865591098, 1.6533364865591098, 1.6533364865591098, 1.6533364865591098, 1.9660131295206098, 1.152888285872506, 2.1710023456472856, 2.1710023456472856, 1.1846033162367762, 2.1710023456472856, 1.4059159126772607, 1.1217959570731342], [1.4293984707503937, 1.5354911630061623, 2.094981542555478, 1.3312231730217514, 1.3226280657045373, 1.192279287015104, 1.2360426803140452, 1.2665951638554107, 1.26154067805489, 1.2476758335210552, 1.2476758335210552, 1.2239980837430942, 1.2239980837430942, 1.155241671661289, 1.9841676076622017, 1.1431118659992476, 1.7017771932132155, 2.0306415782398446, 1.453492540134893, 1.5054853566700754, 1.581466533604869, 2.074529676560522, 2.0105528254388765, 1.2812220257974067, 1.4986415967988642, 1.251121983797049, 1.3836758026196014, 1.5024709716456524, 1.495183892504452, 1.7485571696503297, 1.26154067805489, 1.26154067805489, 1.453492540134893, 1.453492540134893, 1.453492540134893, 1.453492540134893, 1.7178578663344728, 1.1640259507245547, 2.074529676560522, 2.074529676560522, 1.283045800560078, 2.074529676560522, 1.386595655539542, 1.155241671661289], [1.5449765320562352, 1.6432588456800128, 2.047829022304389, 1.4165064455838867, 1.2983421477836163, 1.286851455701792, 1.398273605782106, 1.4195602280283448, 1.3962150293353564, 1.3917846118583665, 1.3917846118583665, 1.3898260000904292, 1.3898260000904292, 1.6283825364722473, 1.566366558464952, 1.4699205642529987, 1.592193688718492, 1.6312334412200622, 1.5054853566700754, 1.717320545594398, 1.5909218816137494, 1.711916014210276, 1.6477587631966832, 1.3445447698966788, 1.4181896264392835, 1.3903757586471375, 1.4441322141369681, 1.4713114997268466, 1.6748744482163715, 1.7178578663344728, 1.3962150293353564, 1.3962150293353564, 1.2031640259363057, 1.2031640259363057, 1.2031640259363057, 1.2031640259363057, 1.7280566528341335, 1.1803982560451467, 1.7882133391958792, 1.7373145733057882, 1.2620868756629375, 1.8390430561436375, 1.505618033352963, 1.6283825364722473], [1.4591583232231626, 1.547294828424391, 1.985615932726465, 1.347733147065918, 1.4172442833721717, 1.248920991346355, 1.34339280926774, 1.36535141112535, 1.3711658956418324, 1.3486183104456742, 1.3486183104456742, 1.363682478459512, 1.363682478459512, 1.2314288530363133, 1.8300740100489779, 1.2972050678012117, 1.627242669366634, 1.8638588543477819, 1.581466533604869, 1.5909218816137494, 1.4701387711930523, 1.9523218591184777, 1.9017722650507036, 1.3744711097658358, 1.5393333728269916, 1.3691119362040907, 1.449090334405223, 1.5246958224630682, 1.5656899062735117, 1.581466533604869, 1.3711658956418324, 1.3711658956418324, 1.4701387711930523, 1.4701387711930523, 1.4701387711930523, 1.4701387711930523, 1.6253022535106483, 1.3129265040514364, 1.9523218591184777, 1.9523218591184777, 1.3518951607846075, 1.9523218591184777, 1.569634391777444, 1.2314288530363133], [1.6500098131216026, 1.8208239606790881, 2.2157238003381368, 1.4324205928458582, 1.5069149355098455, 1.2324147407840216, 1.3604194184487857, 1.421538687943024, 1.382137437998684, 1.3819877390013549, 1.3819877390013549, 1.3045422373167364, 1.3045422373167364, 1.133503243138681, 2.166045633101516, 1.2569322503871243, 2.010566197510051, 2.1710023456472856, 2.074529676560522, 1.711916014210276, 1.9523218591184777, 1.7343495630219152, 2.1785225437591804, 1.2765567383004335, 1.4521030907734045, 1.4679687954719616, 1.646679845596642, 1.8402895960142325, 1.6483870910660183, 2.074529676560522, 1.382137437998684, 1.382137437998684, 1.7343495630219152, 1.7343495630219152, 1.7343495630219152, 1.7343495630219152, 2.0213725249065746, 1.1730903783592308, 1.7343495630219152, 1.7343495630219152, 1.149839197910933, 1.7343495630219152, 1.4590549278352412, 1.133503243138681], [1.56420467724013, 1.7140540678464868, 2.189219761252394, 1.3923954485081405, 1.4500211916073906, 1.2207211775362066, 1.319367442395666, 1.3776222222980812, 1.349098266771471, 1.3538906825082173, 1.3538906825082173, 1.296828868235245, 1.296828868235245, 1.7797000793843027, 2.154244048306664, 1.224327814704302, 1.9067586493463222, 2.145888489353608, 2.0105528254388765, 1.6477587631966832, 1.9017722650507036, 2.1785225437591804, 1.600225206691399, 1.242219127182568, 1.5384515946829334, 1.4232197685765366, 1.5670597727255509, 1.70803692959581, 1.63030259302064, 2.0105528254388765, 1.349098266771471, 1.349098266771471, 1.600225206691399, 1.600225206691399, 1.600225206691399, 1.600225206691399, 1.8890885501021433, 1.2218158663041365, 2.1785225437591804, 2.1785225437591804, 1.3015961494921893, 2.1785225437591804, 1.4950665096158993, 1.7797000793843027], [1.2605367966338443, 1.3271592310793832, 1.634548312215575, 1.1693966679815428, 1.251983342081734, 1.1859574657450738, 1.1833966933469835, 1.1690597946460788, 1.184199136568573, 1.187624636036893, 1.187624636036893, 1.2131384833742902, 1.2131384833742902, 1.3613315939444648, 1.220604353467632, 1.2089438851233005, 1.3721774524822565, 1.3900191373849093, 1.2812220257974067, 1.3445447698966788, 1.3744711097658358, 1.2765567383004335, 1.242219127182568, 1.2699767348370972, 1.2454878640371576, 1.3319425253619102, 1.3611512712816594, 1.2834995708786858, 1.1902396093159808, 1.3460381839978617, 1.184199136568573, 1.184199136568573, 1.2522590529511344, 1.2522590529511344, 1.2522590529511344, 1.2522590529511344, 1.3039259726564765, 1.358897884947835, 1.3000294387503133, 1.2638768052481164, 1.0356033379564553, 1.5300169095216876, 1.2417662898795605, 1.3613315939444648], [1.3551601705842964, 1.4325709739249888, 1.73148919504044, 1.2529532987931349, 1.3450398805202648, 1.2284597886372113, 1.28336700023863, 1.266515744190047, 1.2577927702068594, 1.2471249277867689, 1.2471249277867689, 1.2849154363183404, 1.2849154363183404, 1.5128368546147888, 1.4009966938393632, 1.4674899187224093, 1.4226062146738176, 1.4567875867640132, 1.4986415967988642, 1.4181896264392835, 1.5393333728269916, 1.4521030907734045, 1.5384515946829334, 1.2454878640371576, 1.2887510765238472, 1.3317673442374538, 1.3678540637196457, 1.3600008131160641, 1.4517152625333334, 1.4358766438051378, 1.2577927702068594, 1.2577927702068594, 1.3144255251784671, 1.3144255251784671, 1.3144255251784671, 1.3144255251784671, 1.3965377260307539, 1.2035710169298899, 1.5530728774283573, 1.5595226258479746, 1.215356530678265, 1.5330987903995785, 1.374503218886662, 1.5128368546147888], [1.2719813943199425, 1.3316872491631562, 1.5143114671949773, 1.183644799209114, 1.289169568702025, 1.22468921702177, 1.2585355684235382, 1.2246031503939223, 1.2253699850071955, 1.1970238707066572, 1.1970238707066572, 1.2794697204884447, 1.2794697204884447, 1.3899276865488777, 1.3151578756284135, 1.220077525231713, 1.3557357526048581, 1.3863111167532258, 1.251121983797049, 1.3903757586471375, 1.3691119362040907, 1.4679687954719616, 1.4232197685765366, 1.3319425253619102, 1.3317673442374538, 1.3448746528805673, 1.239808469599881, 1.2137465270340988, 1.4246616509748333, 1.251121983797049, 1.2253699850071955, 1.2253699850071955, 1.3448746528805673, 1.3448746528805673, 1.3448746528805673, 1.3448746528805673, 1.4155026438986023, 1.294539748946669, 1.4679687954719616, 1.4679687954719616, 1.2829014621075694, 1.4679687954719616, 1.401161267448728, 1.3899276865488777], [1.3387188303461484, 1.4226026779666725, 1.6911399789899098, 1.218368421507393, 1.339538559002754, 1.2424488825832332, 1.2971248492483753, 1.2738629574674396, 1.2595471051285214, 1.240950854173349, 1.240950854173349, 1.2993462295697318, 1.2993462295697318, 1.4553018365783115, 1.4928680488238888, 1.1441024272517444, 1.4779746148639212, 1.5822825066087345, 1.3836758026196014, 1.4441322141369681, 1.449090334405223, 1.646679845596642, 1.5670597727255509, 1.3611512712816594, 1.3678540637196457, 1.239808469599881, 1.4199689614626587, 1.305071101733271, 1.4629967140869544, 1.3836758026196014, 1.2595471051285214, 1.2595471051285214, 1.4199689614626587, 1.4199689614626587, 1.4199689614626587, 1.4199689614626587, 1.5287855540366262, 1.2717448678456593, 1.646679845596642, 1.646679845596642, 1.283128479496779, 1.646679845596642, 1.4456246135646573, 1.4553018365783115], [1.3436816737793096, 1.445956924542269, 1.8749048827533943, 1.2127476426903825, 1.2974652238729822, 1.2009253101382655, 1.2328356082618088, 1.2117960356289117, 1.2134102273488547, 1.2012309967199652, 1.2012309967199652, 1.2297488626084803, 1.2297488626084803, 1.5261055146496556, 1.7271070358875824, 1.1012497698038768, 1.5343171662107222, 1.7708149687371364, 1.5024709716456524, 1.4713114997268466, 1.5246958224630682, 1.8402895960142325, 1.70803692959581, 1.2834995708786858, 1.3600008131160641, 1.2137465270340988, 1.305071101733271, 1.4204498430654653, 1.4330895470150296, 1.5024709716456524, 1.2134102273488547, 1.2134102273488547, 1.4204498430654653, 1.4204498430654653, 1.4204498430654653, 1.4204498430654653, 1.5751530132829465, 1.1738064381901039, 1.8402895960142325, 1.8402895960142325, 1.2082029554653781, 1.8402895960142325, 1.3488567257135617, 1.5261055146496556], [1.6516991616070118, 1.8195245021803044, 2.225917408707903, 1.4363709828032287, 1.5073500527058992, 1.34073542870858, 1.3425750219489956, 1.4141459720579457, 1.4091088280199315, 1.4001714169810162, 1.4001714169810162, 2.160589525066234, 2.160589525066234, 1.5964760570229357, 1.5199002605087628, 1.412191963713059, 1.5291831760716441, 1.5455344974624108, 1.495183892504452, 1.6748744482163715, 1.5656899062735117, 1.6483870910660183, 1.63030259302064, 1.1902396093159808, 1.4517152625333334, 1.4246616509748333, 1.4629967140869544, 1.4330895470150296, 1.5419214473443503, 2.151135219961572, 1.4091088280199315, 1.4091088280199315, 1.711348501928557, 1.711348501928557, 1.711348501928557, 1.711348501928557, 2.2325174217782675, 1.1935875316130042, 1.68734204451337, 1.6649219618524729, 1.3059694538200646, 1.7735394442135206, 1.4601483120850158, 1.5964760570229357], [1.4293984707503937, 1.5354911630061623, 2.094981542555478, 1.3312231730217514, 1.3226280657045373, 1.192279287015104, 1.2360426803140452, 1.2665951638554107, 1.26154067805489, 1.2476758335210552, 1.2476758335210552, 1.2239980837430942, 1.2239980837430942, 1.453492540134893, 1.9841676076622017, 1.418810615981026, 1.7017771932132155, 2.0306415782398446, 1.7485571696503297, 1.7178578663344728, 1.581466533604869, 2.074529676560522, 2.0105528254388765, 1.3460381839978617, 1.4358766438051378, 1.251121983797049, 1.3836758026196014, 1.5024709716456524, 2.151135219961572, 1.453492540134893, 1.26154067805489, 1.26154067805489, 1.453492540134893, 1.453492540134893, 1.453492540134893, 1.453492540134893, 1.7178578663344728, 1.453492540134893, 2.074529676560522, 2.074529676560522, 1.453492540134893, 2.074529676560522, 1.7178578663344728, 1.453492540134893], [1.3124976973752702, 1.316397794674725, 1.4327487913994859, 1.3163788393942153, 1.2848286561355708, 1.172927984462399, 1.2553380140258947, 1.2084773618484559, 2.518599747330916, 1.1661638704446193, 1.1661638704446193, 1.1977431933336233, 1.1977431933336233, 1.3579035646320876, 1.245960340302799, 1.2649113910397767, 1.320430595381514, 1.2952792786803338, 1.26154067805489, 1.3962150293353564, 1.3711658956418324, 1.382137437998684, 1.349098266771471, 1.184199136568573, 1.2577927702068594, 1.2253699850071955, 1.2595471051285214, 1.2134102273488547, 1.4091088280199315, 1.26154067805489, 1.3579035646320876, 2.518599747330916, 1.3579035646320876, 1.3579035646320876, 1.3579035646320876, 1.3579035646320876, 1.3962150293353564, 1.3579035646320876, 1.382137437998684, 1.382137437998684, 1.3579035646320876, 1.382137437998684, 1.3962150293353564, 1.3579035646320876], [1.3124976973752702, 1.316397794674725, 1.4327487913994859, 1.3163788393942153, 1.2848286561355708, 1.172927984462399, 1.2553380140258947, 1.2084773618484559, 2.518599747330916, 1.1661638704446193, 1.1661638704446193, 1.1977431933336233, 1.1977431933336233, 1.3579035646320876, 1.245960340302799, 1.2649113910397767, 1.320430595381514, 1.2952792786803338, 1.26154067805489, 1.3962150293353564, 1.3711658956418324, 1.382137437998684, 1.349098266771471, 1.184199136568573, 1.2577927702068594, 1.2253699850071955, 1.2595471051285214, 1.2134102273488547, 1.4091088280199315, 1.26154067805489, 2.518599747330916, 1.3579035646320876, 1.3579035646320876, 1.3579035646320876, 1.3579035646320876, 1.3579035646320876, 1.3962150293353564, 1.3579035646320876, 1.382137437998684, 1.382137437998684, 1.3579035646320876, 1.382137437998684, 1.3962150293353564, 1.3579035646320876], [1.443807134822991, 1.50332959530566, 1.7631718929916294, 1.3572342159319526, 1.4259462157301592, 1.299176584069653, 1.381294620650117, 1.3917323432208555, 1.3579035646320876, 1.3241538479819166, 1.3241538479819166, 1.371122291748949, 1.371122291748949, 1.2244925200239816, 1.5184079255230039, 1.2300371377983534, 1.2315608851269932, 1.6533364865591098, 1.453492540134893, 1.2031640259363057, 1.4701387711930523, 1.7343495630219152, 1.600225206691399, 1.2522590529511344, 1.3144255251784671, 1.3448746528805673, 1.4199689614626587, 1.4204498430654653, 1.711348501928557, 1.453492540134893, 1.3579035646320876, 1.3579035646320876, 1.2244925200239816, 1.2244925200239816, 1.2244925200239816, 1.2244925200239816, 1.2031640259363057, 1.2244925200239816, 1.7343495630219152, 1.7343495630219152, 1.2244925200239816, 1.7343495630219152, 1.2031640259363057, 1.2244925200239816], [1.443807134822991, 1.50332959530566, 1.7631718929916294, 1.3572342159319526, 1.4259462157301592, 1.299176584069653, 1.381294620650117, 1.3917323432208555, 1.3579035646320876, 1.3241538479819166, 1.3241538479819166, 1.371122291748949, 1.371122291748949, 1.2244925200239816, 1.5184079255230039, 1.2300371377983534, 1.2315608851269932, 1.6533364865591098, 1.453492540134893, 1.2031640259363057, 1.4701387711930523, 1.7343495630219152, 1.600225206691399, 1.2522590529511344, 1.3144255251784671, 1.3448746528805673, 1.4199689614626587, 1.4204498430654653, 1.711348501928557, 1.453492540134893, 1.3579035646320876, 1.3579035646320876, 1.2244925200239816, 1.2244925200239816, 1.2244925200239816, 1.2244925200239816, 1.2031640259363057, 1.2244925200239816, 1.7343495630219152, 1.7343495630219152, 1.2244925200239816, 1.7343495630219152, 1.2031640259363057, 1.2244925200239816], [1.443807134822991, 1.50332959530566, 1.7631718929916294, 1.3572342159319526, 1.4259462157301592, 1.299176584069653, 1.381294620650117, 1.3917323432208555, 1.3579035646320876, 1.3241538479819166, 1.3241538479819166, 1.371122291748949, 1.371122291748949, 1.2244925200239816, 1.5184079255230039, 1.2300371377983534, 1.2315608851269932, 1.6533364865591098, 1.453492540134893, 1.2031640259363057, 1.4701387711930523, 1.7343495630219152, 1.600225206691399, 1.2522590529511344, 1.3144255251784671, 1.3448746528805673, 1.4199689614626587, 1.4204498430654653, 1.711348501928557, 1.453492540134893, 1.3579035646320876, 1.3579035646320876, 1.2244925200239816, 1.2244925200239816, 1.2244925200239816, 1.2244925200239816, 1.2031640259363057, 1.2244925200239816, 1.7343495630219152, 1.7343495630219152, 1.2244925200239816, 1.7343495630219152, 1.2031640259363057, 1.2244925200239816], [1.443807134822991, 1.50332959530566, 1.7631718929916294, 1.3572342159319526, 1.4259462157301592, 1.299176584069653, 1.381294620650117, 1.3917323432208555, 1.3579035646320876, 1.3241538479819166, 1.3241538479819166, 1.371122291748949, 1.371122291748949, 1.2244925200239816, 1.5184079255230039, 1.2300371377983534, 1.2315608851269932, 1.6533364865591098, 1.453492540134893, 1.2031640259363057, 1.4701387711930523, 1.7343495630219152, 1.600225206691399, 1.2522590529511344, 1.3144255251784671, 1.3448746528805673, 1.4199689614626587, 1.4204498430654653, 1.711348501928557, 1.453492540134893, 1.3579035646320876, 1.3579035646320876, 1.2244925200239816, 1.2244925200239816, 1.2244925200239816, 1.2031640259363057, 1.2031640259363057, 1.2244925200239816, 1.7343495630219152, 1.7343495630219152, 1.2244925200239816, 1.7343495630219152, 1.2031640259363057, 1.2244925200239816], [1.5449765320562352, 1.6432588456800128, 2.047829022304389, 1.4165064455838867, 1.2983421477836163, 1.286851455701792, 1.398273605782106, 1.4195602280283448, 1.3962150293353564, 1.3917846118583665, 1.3917846118583665, 1.3898260000904292, 1.3898260000904292, 1.2031640259363057, 1.8470061561839697, 1.2414355170747078, 1.5629075107538233, 1.9660131295206098, 1.7178578663344728, 1.7280566528341335, 1.6253022535106483, 2.0213725249065746, 1.8890885501021433, 1.3039259726564765, 1.3965377260307539, 1.4155026438986023, 1.5287855540366262, 1.5751530132829465, 2.2325174217782675, 1.7178578663344728, 1.3962150293353564, 1.3962150293353564, 1.2031640259363057, 1.2031640259363057, 1.2031640259363057, 1.2031640259363057, 1.2031640259363057, 1.2031640259363057, 2.0213725249065746, 2.0213725249065746, 1.2031640259363057, 2.0213725249065746, 1.7280566528341335, 1.2031640259363057], [1.443807134822991, 1.50332959530566, 1.7631718929916294, 1.3572342159319526, 1.4259462157301592, 1.299176584069653, 1.381294620650117, 1.3917323432208555, 1.3579035646320876, 1.3241538479819166, 1.3241538479819166, 1.371122291748949, 1.371122291748949, 1.1067744273872204, 1.1254403152344739, 1.1581235177314526, 1.126696955376473, 1.152888285872506, 1.1640259507245547, 1.1803982560451467, 1.3129265040514364, 1.1730903783592308, 1.2218158663041365, 1.358897884947835, 1.2035710169298899, 1.294539748946669, 1.2717448678456593, 1.1738064381901039, 1.1935875316130042, 1.453492540134893, 1.3579035646320876, 1.3579035646320876, 1.2244925200239816, 1.2244925200239816, 1.2244925200239816, 1.2244925200239816, 1.2031640259363057, 1.2244925200239816, 1.0128307106788927, 1.0790454429450858, 1.2244925200239816, 1.0849506063761791, 1.2031640259363057, 1.1067744273872204], [1.6500098131216026, 1.8208239606790881, 2.2157238003381368, 1.4324205928458582, 1.5069149355098455, 1.2324147407840216, 1.3604194184487857, 1.421538687943024, 1.382137437998684, 1.3819877390013549, 1.3819877390013549, 1.3045422373167364, 1.3045422373167364, 1.0531996095364984, 2.166045633101516, 1.186448512297119, 2.010566197510051, 2.1710023456472856, 2.074529676560522, 1.7882133391958792, 1.9523218591184777, 1.7343495630219152, 2.1785225437591804, 1.3000294387503133, 1.5530728774283573, 1.4679687954719616, 1.646679845596642, 1.8402895960142325, 1.68734204451337, 2.074529676560522, 1.382137437998684, 1.382137437998684, 1.7343495630219152, 1.7343495630219152, 1.7343495630219152, 1.7343495630219152, 2.0213725249065746, 1.0128307106788927, 1.7343495630219152, 1.7343495630219152, 1.2184131044724946, 1.7343495630219152, 1.4989484792324888, 1.0531996095364984], [1.6500098131216026, 1.8208239606790881, 2.2157238003381368, 1.4324205928458582, 1.5069149355098455, 1.2324147407840216, 1.3604194184487857, 1.421538687943024, 1.382137437998684, 1.3819877390013549, 1.3819877390013549, 1.3045422373167364, 1.3045422373167364, 1.1375197085666549, 2.166045633101516, 1.1113362662542556, 2.010566197510051, 2.1710023456472856, 2.074529676560522, 1.7373145733057882, 1.9523218591184777, 1.7343495630219152, 2.1785225437591804, 1.2638768052481164, 1.5595226258479746, 1.4679687954719616, 1.646679845596642, 1.8402895960142325, 1.6649219618524729, 2.074529676560522, 1.382137437998684, 1.382137437998684, 1.7343495630219152, 1.7343495630219152, 1.7343495630219152, 1.7343495630219152, 2.0213725249065746, 1.0790454429450858, 1.7343495630219152, 1.7343495630219152, 1.137491877010965, 1.7343495630219152, 1.4861667934854332, 1.1375197085666549], [1.443807134822991, 1.50332959530566, 1.7631718929916294, 1.3572342159319526, 1.4259462157301592, 1.299176584069653, 1.381294620650117, 1.3917323432208555, 1.3579035646320876, 1.3241538479819166, 1.3241538479819166, 1.371122291748949, 1.371122291748949, 1.188503696007535, 1.2374067725636821, 1.2325808249274541, 1.1718562399809311, 1.1846033162367762, 1.283045800560078, 1.2620868756629375, 1.3518951607846075, 1.149839197910933, 1.3015961494921893, 1.0356033379564553, 1.215356530678265, 1.2829014621075694, 1.283128479496779, 1.2082029554653781, 1.3059694538200646, 1.453492540134893, 1.3579035646320876, 1.3579035646320876, 1.2244925200239816, 1.2244925200239816, 1.2244925200239816, 1.2244925200239816, 1.2031640259363057, 1.2244925200239816, 1.2184131044724946, 1.137491877010965, 1.2244925200239816, 1.2119505710648935, 1.2031640259363057, 1.188503696007535], [1.6500098131216026, 1.8208239606790881, 2.2157238003381368, 1.4324205928458582, 1.5069149355098455, 1.2324147407840216, 1.3604194184487857, 1.421538687943024, 1.382137437998684, 1.3819877390013549, 1.3819877390013549, 1.3045422373167364, 1.3045422373167364, 1.1528580925350065, 2.166045633101516, 1.182026946437011, 2.010566197510051, 2.1710023456472856, 2.074529676560522, 1.8390430561436375, 1.9523218591184777, 1.7343495630219152, 2.1785225437591804, 1.5300169095216876, 1.5330987903995785, 1.4679687954719616, 1.646679845596642, 1.8402895960142325, 1.7735394442135206, 2.074529676560522, 1.382137437998684, 1.382137437998684, 1.7343495630219152, 1.7343495630219152, 1.7343495630219152, 1.7343495630219152, 2.0213725249065746, 1.0849506063761791, 1.7343495630219152, 1.7343495630219152, 1.2119505710648935, 1.7343495630219152, 1.5028924129795325, 1.1528580925350065], [1.5449765320562352, 1.6432588456800128, 2.047829022304389, 1.4165064455838867, 1.2983421477836163, 1.286851455701792, 1.398273605782106, 1.4195602280283448, 1.3962150293353564, 1.3917846118583665, 1.3917846118583665, 1.3898260000904292, 1.3898260000904292, 1.372518876051994, 1.351941078810703, 1.321580948667041, 1.387613968666726, 1.4059159126772607, 1.386595655539542, 1.505618033352963, 1.569634391777444, 1.4590549278352412, 1.4950665096158993, 1.2417662898795605, 1.374503218886662, 1.401161267448728, 1.4456246135646573, 1.3488567257135617, 1.4601483120850158, 1.7178578663344728, 1.3962150293353564, 1.3962150293353564, 1.2031640259363057, 1.2031640259363057, 1.2031640259363057, 1.2031640259363057, 1.7280566528341335, 1.2031640259363057, 1.4989484792324888, 1.4861667934854332, 1.2031640259363057, 1.5028924129795325, 1.2031640259363057, 1.372518876051994], [1.443807134822991, 1.50332959530566, 1.7631718929916294, 1.3572342159319526, 1.4259462157301592, 1.299176584069653, 1.381294620650117, 1.3917323432208555, 1.3579035646320876, 1.3241538479819166, 1.3241538479819166, 1.371122291748949, 1.371122291748949, 1.072608438646554, 1.6889007348506624, 1.1616607819717713, 1.0790211297841856, 1.1217959570731342, 1.155241671661289, 1.6283825364722473, 1.2314288530363133, 1.133503243138681, 1.7797000793843027, 1.3613315939444648, 1.5128368546147888, 1.3899276865488777, 1.4553018365783115, 1.5261055146496556, 1.5964760570229357, 1.453492540134893, 1.3579035646320876, 1.3579035646320876, 1.2244925200239816, 1.2244925200239816, 1.2244925200239816, 1.2244925200239816, 1.2031640259363057, 1.1067744273872204, 1.0531996095364984, 1.1375197085666549, 1.188503696007535, 1.1528580925350065, 1.372518876051994, 1.072608438646554]]