[[-8809.308382835097, -11897.63647775606, -5336.8903351713125, -19381.963376638058, -12138.606344129057, -27677.09629853571, -13067.147491255064, -14794.374496387896, -30595.58854300696, -30581.258583178133, -30581.258583178133, -29919.03391272596, -29919.03391272596, -8809.308382835097, -6690.79202008954, -9193.274903107545, -8037.327104148027, -7627.642829530177, -6168.910341463403, -6521.050517523129, -5452.342634344525, -6519.895360828989, -5742.930250294645, -11897.856946187183, -12240.97634465268, -12019.333187686128, -11725.953512302189, -12383.477744459924, -6571.789536472586, -6168.910341463403, -30595.58854300696, -30595.58854300696, -8809.308382835097, -8809.308382835097, -8809.308382835097, -8809.308382835097, -6521.050517523129, -8809.308382835097, -6519.895360828989, -6519.895360828989, -8809.308382835097, -6519.895360828989, -6521.050517523129, -8809.308382835097], [-11897.63647775606, -7017.137782119261, -5045.67522450994, -15462.374592533835, -9453.524737309388, -21707.27756143164, -10378.093036967111, -12055.54539545057, -24070.082234190773, -23892.15419445966, -23892.15419445966, -22973.53443708523, -22973.53443708523, -7017.137782119261, -6656.577455409894, -7676.627004905471, -7007.012880251664, -7630.935051401529, -5653.224528438671, -5432.164810755228, -4581.2372050016465, -6378.156737450034, -5434.883684972809, -9703.734699687679, -10078.032466097478, -10207.067572760645, -9927.556655736102, -10909.473913135975, -6469.796079473728, -5653.224528438671, -24070.082234190773, -24070.082234190773, -7017.137782119261, -7017.137782119261, -7017.137782119261, -7017.137782119261, -5432.164810755228, -7017.137782119261, -6378.156737450034, -6378.156737450034, -7017.137782119261, -6378.156737450034, -5432.164810755228, -7017.137782119261], [-5336.8903351713125, -5045.67522450994, -3012.941698407048, -6167.698038797886, -3334.948083108121, -7414.377466252712, -3530.2914532094683, -4847.574371421146, -12086.783681173136, -12839.14011714161, -12839.14011714161, -9195.55433370278, -9195.55433370278, -3012.941698407048, -7940.008503400588, -3827.7918747961003, -5035.338022443309, -8296.33234275937, -5650.066890578513, -3511.413027288328, -2891.728751815749, -6807.771167457167, -5781.587861528513, -4635.4612361900245, -4892.028946446033, -4672.76888053562, -4787.341132824653, -7115.014414471032, -7052.0163443813035, -5650.066890578513, -12086.783681173136, -12086.783681173136, -3012.941698407048, -3012.941698407048, -3012.941698407048, -3012.941698407048, -3511.413027288328, -3012.941698407048, -6807.771167457167, -6807.771167457167, -3012.941698407048, -6807.771167457167, -3511.413027288328, -3012.941698407048], [-19381.963376638058, -15462.374592533835, -6167.698038797886, -11751.52387929277, -16345.084732082663, -38398.788033432385, -16996.603546701856, -19054.054204028595, -43770.416137166605, -44834.70643022338, -44834.70643022338, -42758.40410718507, -42758.40410718507, -11751.52387929277, -7282.230727582142, -11794.901464781318, -9795.209612371042, -8081.0303582540755, -7741.9262249105395, -8296.398799896684, -6914.6765053658, -7213.865299705059, -6588.767462064107, -15960.533640530852, -16128.4954869443, -15019.93547143544, -14581.845750176113, -15008.461673089187, -7165.452038348527, -7741.9262249105395, -43770.416137166605, -43770.416137166605, -11751.52387929277, -11751.52387929277, -11751.52387929277, -11751.52387929277, -8296.398799896684, -11751.52387929277, -7213.865299705059, -7213.865299705059, -11751.52387929277, -7213.865299705059, -8296.398799896684, -11751.52387929277], [-12138.606344129057, -9453.524737309388, -3334.948083108121, -16345.084732082663, -7607.296883412505, -20461.753310233442, -12533.256823225383, -14718.252655211212, -21154.80303437553, -21160.582457689947, -21160.582457689947, -19672.79770812316, -19672.79770812316, -7607.296883412505, -5858.183845202977, -8175.531487203257, -6591.689417058232, -5723.6809566389475, -5991.709300466666, -420.6473263324595, -4480.479378574783, -4397.987410203783, -4547.929862686368, -10768.120491476888, -10507.937868742398, -11087.007988823278, -10087.78258440316, -11218.10965531459, -4743.66733492357, -5991.709300466666, -21154.80303437553, -21154.80303437553, -7607.296883412505, -7607.296883412505, -7607.296883412505, -7607.296883412505, -420.6473263324595, -7607.296883412505, -4397.987410203783, -4397.987410203783, -7607.296883412505, -4397.987410203783, -420.6473263324595, -7607.296883412505], [-27677.09629853571, -21707.27756143164, -7414.377466252712, -38398.788033432385, -20461.753310233442, -15536.104283290424, -26010.022088546266, -29634.72245005486, -53173.50471621673, 5715.44352961754, 5715.44352961754, -115.3158009856387, -115.3158009856387, -15536.104283290424, -12701.130274527879, -19472.50207042557, -14808.276545891413, -13724.920800265865, -13084.502783915364, -10793.497481252065, -10963.739744194285, -9983.936044200429, -9380.055973350803, -23544.075989649275, -22792.72270401793, -30417.14482301461, -25715.62143420131, -28244.848625867813, -13204.486301234601, -13084.502783915364, -53173.50471621673, -53173.50471621673, -15536.104283290424, -15536.104283290424, -15536.104283290424, -15536.104283290424, -10793.497481252065, -15536.104283290424, -9983.936044200429, -9983.936044200429, -15536.104283290424, -9983.936044200429, -10793.497481252065, -15536.104283290424], [-13067.147491255064, -10378.093036967111, -3530.2914532094683, -16996.603546701856, -12533.256823225383, -26010.022088546266, -8212.880477893345, -12521.787883662417, -25511.25709937797, -25658.010805971313, -25658.010805971313, -23350.28369519219, -23350.28369519219, -8212.880477893345, -7110.896173108356, -8475.5977153318, -6834.344073352839, -6767.567827537674, -7551.2590398810935, -5385.640462453185, -5501.970581378475, -5033.860838127189, -5308.343658687419, -11936.381049231859, -11383.624092089114, -13945.981761760138, -11687.455871589476, -13917.70506153841, -5425.857595873982, -7551.2590398810935, -25511.25709937797, -25511.25709937797, -8212.880477893345, -8212.880477893345, -8212.880477893345, -8212.880477893345, -5385.640462453185, -8212.880477893345, -5033.860838127189, -5033.860838127189, -8212.880477893345, -5033.860838127189, -5385.640462453185, -8212.880477893345], [-14794.374496387896, -12055.54539545057, -4847.574371421146, -19054.054204028595, -14718.252655211212, -29634.72245005486, -12521.787883662417, -11333.626738965426, -27886.309028389653, -28689.664965790427, -28689.664965790427, -25541.050753167685, -25541.050753167685, -11333.626738965426, -8829.10925845061, -10405.679988880689, -8419.150063379155, -8434.297408818797, -9420.467613734467, -6852.469769309774, -7022.168500686265, -6630.012710593647, -6609.332059158573, -12850.261504297878, -12550.054150790096, -15874.897433426811, -13923.812179608904, -13498.246220114474, -7031.614704781336, -9420.467613734467, -27886.309028389653, -27886.309028389653, -11333.626738965426, -11333.626738965426, -11333.626738965426, -11333.626738965426, -6852.469769309774, -11333.626738965426, -6630.012710593647, -6630.012710593647, -11333.626738965426, -6630.012710593647, -6852.469769309774, -11333.626738965426], [-30595.58854300696, -24070.082234190773, -12086.783681173136, -43770.416137166605, -21154.80303437553, -53173.50471621673, -25511.25709937797, -27886.309028389653, -18024.452534308024, -55262.35751301179, -55262.35751301179, -47702.63671185205, -47702.63671185205, -18024.452534308024, -15064.604706772845, -20317.90472214283, -17357.943574315672, -16472.271809363643, -15062.199933942338, -14621.301706968234, -14711.764274214878, -14411.237879279255, -13010.013291425314, -23001.602509286193, -23848.609464005312, -30782.959807856067, -26791.929344535303, -28688.26424792502, -14781.829748728334, -15062.199933942338, 18604.542773455716, 18604.542773455716, -18024.452534308024, -18024.452534308024, -18024.452534308024, -18024.452534308024, -14621.301706968234, -18024.452534308024, -14411.237879279255, -14411.237879279255, -18024.452534308024, -14411.237879279255, -14621.301706968234, -18024.452534308024], [-30581.258583178133, -23892.15419445966, -12839.14011714161, -44834.70643022338, -21160.582457689947, 5715.44352961754, -25658.010805971313, -28689.664965790427, -55262.35751301179, -18421.10286483656, -47857.59824048335, -49308.381786996804, -49308.381786996804, -18421.10286483656, -15898.982974008943, -21432.219881816385, -17868.0232555836, 20643.171344668855, -15880.240363784467, -15393.781081295665, -15327.397041452557, -15153.469949272889, -13952.071040777255, -22746.344699479778, -23226.284270281987, -30548.942208736058, -26556.3062196135, -28883.171707340374, -15479.915396069346, -15880.240363784467, -55262.35751301179, -55262.35751301179, -18421.10286483656, -18421.10286483656, -18421.10286483656, -18421.10286483656, -15393.781081295665, -18421.10286483656, -15153.469949272889, -15153.469949272889, -18421.10286483656, -15153.469949272889, -15393.781081295665, -18421.10286483656], [-30581.258583178133, -23892.15419445966, -12839.14011714161, -44834.70643022338, -21160.582457689947, 5715.44352961754, -25658.010805971313, -28689.664965790427, -55262.35751301179, -47857.59824048335, -18421.10286483656, -49308.381786996804, -49308.381786996804, -18421.10286483656, -15898.982974008943, -21432.219881816385, -17868.0232555836, 20643.171344668855, -15880.240363784467, -15393.781081295665, -15327.397041452557, -15153.469949272889, -13952.071040777255, -22746.344699479778, -23226.284270281987, -30548.942208736058, -26556.3062196135, -28883.171707340374, -15479.915396069346, -15880.240363784467, -55262.35751301179, -55262.35751301179, -18421.10286483656, -18421.10286483656, -18421.10286483656, -18421.10286483656, -15393.781081295665, -18421.10286483656, -15153.469949272889, -15153.469949272889, -18421.10286483656, -15153.469949272889, -15393.781081295665, -18421.10286483656], [-29919.03391272596, -22973.53443708523, -9195.55433370278, -42758.40410718507, -19672.79770812316, -115.3158009856387, -23350.28369519219, -25541.050753167685, -47702.63671185205, -49308.381786996804, -49308.381786996804, -15323.69529966575, -45159.299906120774, -15323.69529966575, -12250.929391160897, -15782.988911157123, -14405.090600291443, -13415.223547571715, -11872.154547506048, -11940.979915702837, -11809.055921399944, -11100.28574414332, -10166.648711755346, -24118.422906614873, -23694.412930326987, -28966.82200771527, -25834.44351010304, -27136.096558169425, -4772.698979992458, -11872.154547506048, -47702.63671185205, -47702.63671185205, -15323.69529966575, -15323.69529966575, -15323.69529966575, -15323.69529966575, -11940.979915702837, -15323.69529966575, -11100.28574414332, -11100.28574414332, -15323.69529966575, -11100.28574414332, -11940.979915702837, -15323.69529966575], [-29919.03391272596, -22973.53443708523, -9195.55433370278, -42758.40410718507, -19672.79770812316, -115.3158009856387, -23350.28369519219, -25541.050753167685, -47702.63671185205, -49308.381786996804, -49308.381786996804, -45159.299906120774, -15323.69529966575, -15323.69529966575, -12250.929391160897, -15782.988911157123, -14405.090600291443, -13415.223547571715, -11872.154547506048, -11940.979915702837, -11809.055921399944, -11100.28574414332, -10166.648711755346, -24118.422906614873, -23694.412930326987, -28966.82200771527, -25834.44351010304, -27136.096558169425, -4772.698979992458, -11872.154547506048, -47702.63671185205, -47702.63671185205, -15323.69529966575, -15323.69529966575, -15323.69529966575, -15323.69529966575, -11940.979915702837, -15323.69529966575, -11100.28574414332, -11100.28574414332, -15323.69529966575, -11100.28574414332, -11940.979915702837, -15323.69529966575], [-8809.308382835097, -7017.137782119261, -3012.941698407048, -11751.52387929277, -7607.296883412505, -15536.104283290424, -8212.880477893345, -11333.626738965426, -18024.452534308024, -18421.10286483656, -18421.10286483656, -15323.69529966575, -15323.69529966575, -7148.554623940821, -7506.290840511563, -7945.236420105284, -6572.989814104629, -6127.396222171752, -14030.796874720574, -5820.099707383306, -5464.351886189506, -4349.055710311746, -6285.345623805682, -18452.80705911445, -9698.476925234689, -11800.224096558566, -10086.624853735913, -13993.466774235974, -5898.255656404719, -5128.616466814956, -18024.452534308024, -18024.452534308024, -4509.747899199881, -4509.747899199881, -4509.747899199881, -4509.747899199881, -2559.2192168485976, -5950.941182215876, -3969.4622806322805, -4845.332618482116, -6702.5370797371015, -4993.996159740156, -4974.346080130559, -7148.554623940821], [-6690.79202008954, -6656.577455409894, -7940.008503400588, -7282.230727582142, -5858.183845202977, -12701.130274527879, -7110.896173108356, -8829.10925845061, -15064.604706772845, -15898.982974008943, -15898.982974008943, -12250.929391160897, -12250.929391160897, -7506.290840511563, -5132.422239302213, -7987.044641587578, -7405.803591983514, -12223.005946626627, -8364.924381638084, -5371.579669066738, -5135.735949263227, -10530.198227912046, -9246.40187716952, -16737.245182775034, -14044.907486248441, -7880.43478488681, -6820.764204176198, -9750.235192910624, -5479.407730281611, -8364.924381638084, -15064.604706772845, -15064.604706772845, -5132.422239302213, -5132.422239302213, -5132.422239302213, -5132.422239302213, -5151.756910573214, -5860.188656530441, -10530.198227912046, -10530.198227912046, -8408.409124482263, -10530.198227912046, -4691.0297784785, -7506.290840511563], [-9193.274903107545, -7676.627004905471, -3827.7918747961003, -11794.901464781318, -8175.531487203257, -19472.50207042557, -8475.5977153318, -10405.679988880689, -20317.90472214283, -21432.219881816385, -21432.219881816385, -15782.988911157123, -15782.988911157123, -7945.236420105284, -7987.044641587578, -11571.996560680753, -7082.838067738587, -6301.013549850031, -12303.754695411466, -5214.394391797294, -6635.943062008453, -5041.71553186289, -7048.688979030332, -16137.511488202406, -15671.954000338596, -14368.875881956643, -10789.926196686945, -12622.517875487887, -5297.712955299801, -6789.907054416999, -20317.90472214283, -20317.90472214283, -5065.447508210148, -5065.447508210148, -5065.447508210148, -5065.447508210148, -3462.345029507947, -6585.855879770319, -4855.809088933405, -5035.657313738404, -9197.632849177848, -4992.230018259797, -4693.40564925416, -7945.236420105284], [-8037.327104148027, -7007.012880251664, -5035.338022443309, -9795.209612371042, -6591.689417058232, -14808.276545891413, -6834.344073352839, -8419.150063379155, -17357.943574315672, -17868.0232555836, -17868.0232555836, -14405.090600291443, -14405.090600291443, -6572.989814104629, -7405.803591983514, -7082.838067738587, -4020.2831261130655, -8057.799551274568, -6109.788135364818, -5326.5187081315635, -4001.443317464279, -6611.317048034038, -5654.257294998335, -15791.664450198452, -13835.972889881385, -8608.824813836465, -7771.959175798492, -9666.741195598746, -5384.582445237676, -6109.788135364818, -17357.943574315672, -17357.943574315672, -4020.2831261130655, -4020.2831261130655, -4020.2831261130655, -4020.2831261130655, -3545.1422815074916, -5903.230577174971, -6611.317048034038, -6611.317048034038, -6174.537797305482, -6611.317048034038, -4798.919959316387, -6572.989814104629], [-7627.642829530177, -7630.935051401529, -8296.33234275937, -8081.0303582540755, -5723.6809566389475, -13724.920800265865, -6767.567827537674, -8434.297408818797, -16472.271809363643, 20643.171344668855, 20643.171344668855, -13415.223547571715, -13415.223547571715, -6127.396222171752, -12223.005946626627, -6301.013549850031, -8057.799551274568, -5131.8506497716735, -8725.981318678954, -5228.191107962779, -5014.295038979568, -10865.773141738211, -9112.993453259049, -15396.307356900652, -16074.59201912156, -8263.371291808216, -7582.985276357144, -10580.887433086853, -5191.514482299153, -8725.981318678954, -16472.271809363643, -16472.271809363643, -5131.8506497716735, -5131.8506497716735, -5131.8506497716735, -5131.8506497716735, -5684.892963025665, -5552.384099698193, -10865.773141738211, -10865.773141738211, -5770.064575530796, -10865.773141738211, -4442.747858106079, -6127.396222171752], [-6168.910341463403, -5653.224528438671, -5650.066890578513, -7741.9262249105395, -5991.709300466666, -13084.502783915364, -7551.2590398810935, -9420.467613734467, -15062.199933942338, -15880.240363784467, -15880.240363784467, -11872.154547506048, -11872.154547506048, -14030.796874720574, -8364.924381638084, -12303.754695411466, -6109.788135364818, -8725.981318678954, -5128.616466814956, -5493.559704296436, -4273.161858317758, -7478.203018838487, -6583.753918995701, -23987.14462127749, -15946.7343484815, -7593.734874463021, -6204.704022825196, -8190.863312284674, -5829.340340002054, -7235.777133438408, -15062.199933942338, -15062.199933942338, -5128.616466814956, -5128.616466814956, -5128.616466814956, -5128.616466814956, -4488.945315570226, -6233.364259380505, -7478.203018838487, -7478.203018838487, -11424.469378082682, -7478.203018838487, -5157.817408756084, -14030.796874720574], [-6521.050517523129, -5432.164810755228, -3511.413027288328, -8296.398799896684, -420.6473263324595, -10793.497481252065, -5385.640462453185, -6852.469769309774, -14621.301706968234, -15393.781081295665, -15393.781081295665, -11940.979915702837, -11940.979915702837, -5820.099707383306, -5371.579669066738, -5214.394391797294, -5326.5187081315635, -5228.191107962779, -5493.559704296436, -4443.070679240438, -4155.187073124, -4223.572263650891, -4224.945422426521, -15529.39155420549, -16229.739953760087, -8013.22970394032, -7041.2514196995035, -9462.158311963285, -4411.421534732937, -4488.945315570226, -14621.301706968234, -14621.301706968234, -2559.2192168485976, -2559.2192168485976, -2559.2192168485976, -2559.2192168485976, -2934.109200853217, -4098.809216316848, -4564.8838831576395, -4372.378151054363, -4569.781139004579, -4715.066862211865, -3812.9323817008517, -5820.099707383306], [-5452.342634344525, -4581.2372050016465, -2891.728751815749, -6914.6765053658, -4480.479378574783, -10963.739744194285, -5501.970581378475, -7022.168500686265, -14711.764274214878, -15327.397041452557, -15327.397041452557, -11809.055921399944, -11809.055921399944, -5464.351886189506, -5135.735949263227, -6635.943062008453, -4001.443317464279, -5014.295038979568, -4273.161858317758, -4155.187073124, -3429.1638415699035, -3980.2027922072084, -3888.302359648973, -10904.079510558477, -13155.336705519836, -6431.994545339261, -5329.211456361, -6934.230268893736, -4168.281750422393, -4273.161858317758, -14711.764274214878, -14711.764274214878, -3429.1638415699035, -3429.1638415699035, -3429.1638415699035, -3429.1638415699035, -2633.886916839641, -4385.881918806917, -3980.2027922072084, -3980.2027922072084, -5838.587820543147, -3980.2027922072084, -4293.776218159037, -5464.351886189506], [-6519.895360828989, -6378.156737450034, -6807.771167457167, -7213.865299705059, -4397.987410203783, -9983.936044200429, -5033.860838127189, -6630.012710593647, -14411.237879279255, -15153.469949272889, -15153.469949272889, -11100.28574414332, -11100.28574414332, -4349.055710311746, -10530.198227912046, -5041.71553186289, -6611.317048034038, -10865.773141738211, -7478.203018838487, -4223.572263650891, -3980.2027922072084, -4077.976374112352, -7677.858102149199, -11080.632015357784, -11388.79861950062, -6392.1518380775005, -6202.387416417149, -9315.189084428415, -4256.7415770662665, -7478.203018838487, -14411.237879279255, -14411.237879279255, -4077.976374112352, -4077.976374112352, -4077.976374112352, -4077.976374112352, -4593.4141118244515, -3713.6611756986204, -4077.976374112352, -4077.976374112352, -3359.1996098237287, -4077.976374112352, -3272.9695411382963, -4349.055710311746], [-5742.930250294645, -5434.883684972809, -5781.587861528513, -6588.767462064107, -4547.929862686368, -9380.055973350803, -5308.343658687419, -6609.332059158573, -13010.013291425314, -13952.071040777255, -13952.071040777255, -10166.648711755346, -10166.648711755346, -6285.345623805682, -9246.40187716952, -7048.688979030332, -5654.257294998335, -9112.993453259049, -6583.753918995701, -4224.945422426521, -3888.302359648973, -7677.858102149199, -3842.5538784799114, -10154.303985665658, -12789.93646004413, -6141.929161557691, -5644.538031361947, -7251.595791244626, -4499.89640695912, -6583.753918995701, -13010.013291425314, -13010.013291425314, -3842.5538784799114, -3842.5538784799114, -3842.5538784799114, -3842.5538784799114, -3820.9098681086866, -4253.447705744915, -7677.858102149199, -7677.858102149199, -5573.179747863054, -7677.858102149199, -3956.5485447086794, -6285.345623805682], [-11897.856946187183, -9703.734699687679, -4635.4612361900245, -15960.533640530852, -10768.120491476888, -23544.075989649275, -11936.381049231859, -12850.261504297878, -23001.602509286193, -22746.344699479778, -22746.344699479778, -24118.422906614873, -24118.422906614873, -18452.80705911445, -16737.245182775034, -16137.511488202406, -15791.664450198452, -15396.307356900652, -23987.14462127749, -15529.39155420549, -10904.079510558477, -11080.632015357784, -10154.303985665658, -39080.27604997298, -30084.35616290999, -32814.19275143297, -28615.8586879122, -24865.420503979025, -11711.0148909188, -4620.065286712683, -23001.602509286193, -23001.602509286193, -7372.8516372753, -7372.8516372753, -7372.8516372753, -7372.8516372753, -5023.091222258326, -19309.20992316307, -12654.961807759522, -11199.521157549752, -13372.530666443374, -14045.506348857576, -10461.722647730203, -18452.80705911445], [-12240.97634465268, -10078.032466097478, -4892.028946446033, -16128.4954869443, -10507.937868742398, -22792.72270401793, -11383.624092089114, -12550.054150790096, -23848.609464005312, -23226.284270281987, -23226.284270281987, -23694.412930326987, -23694.412930326987, -9698.476925234689, -14044.907486248441, -15671.954000338596, -13835.972889881385, -16074.59201912156, -15946.7343484815, -16229.739953760087, -13155.336705519836, -11388.79861950062, -12789.93646004413, -30084.35616290999, -12174.651866848348, -26139.10609928807, -22513.45784094103, -25732.299664643535, -9879.713060805909, -5327.799735721592, -23848.609464005312, -23848.609464005312, -6954.093278472359, -6954.093278472359, -6954.093278472359, -6954.093278472359, -5019.138597474651, -10547.002383609986, -12227.862777652488, -12218.805923261809, -11547.007569728907, -11961.16925054906, -9024.20939995494, -9698.476925234689], [-12019.333187686128, -10207.067572760645, -4672.76888053562, -15019.93547143544, -11087.007988823278, -30417.14482301461, -13945.981761760138, -15874.897433426811, -30782.959807856067, -30548.942208736058, -30548.942208736058, -28966.82200771527, -28966.82200771527, -11800.224096558566, -7880.43478488681, -14368.875881956643, -8608.824813836465, -8263.371291808216, -7593.734874463021, -8013.22970394032, -6431.994545339261, -6392.1518380775005, -6141.929161557691, -32814.19275143297, -26139.10609928807, -8275.891395709046, -11965.999086778802, -14024.030398278974, -10099.201585639341, -7593.734874463021, -30782.959807856067, -30782.959807856067, -8275.891395709046, -8275.891395709046, -8275.891395709046, -8275.891395709046, -6100.327961547186, -10808.731276529812, -6392.1518380775005, -6392.1518380775005, -12490.03887641296, -6392.1518380775005, -9252.379117380435, -11800.224096558566], [-11725.953512302189, -9927.556655736102, -4787.341132824653, -14581.845750176113, -10087.78258440316, -25715.62143420131, -11687.455871589476, -13923.812179608904, -26791.929344535303, -26556.3062196135, -26556.3062196135, -25834.44351010304, -25834.44351010304, -10086.624853735913, -6820.764204176198, -10789.926196686945, -7771.959175798492, -7582.985276357144, -6204.704022825196, -7041.2514196995035, -5329.211456361, -6202.387416417149, -5644.538031361947, -28615.8586879122, -22513.45784094103, -11965.999086778802, -7261.351535249291, -12114.80270511342, -8713.999663545692, -6204.704022825196, -26791.929344535303, -26791.929344535303, -7261.351535249291, -7261.351535249291, -7261.351535249291, -7261.351535249291, -5571.911044572184, -25910.122459128732, -6202.387416417149, -6202.387416417149, -10283.96300649611, -6202.387416417149, -8194.43133842307, -10086.624853735913], [-12383.477744459924, -10909.473913135975, -7115.014414471032, -15008.461673089187, -11218.10965531459, -28244.848625867813, -13917.70506153841, -13498.246220114474, -28688.26424792502, -28883.171707340374, -28883.171707340374, -27136.096558169425, -27136.096558169425, -13993.466774235974, -9750.235192910624, -12622.517875487887, -9666.741195598746, -10580.887433086853, -8190.863312284674, -9462.158311963285, -6934.230268893736, -9315.189084428415, -7251.595791244626, -24865.420503979025, -25732.299664643535, -14024.030398278974, -12114.80270511342, -8972.869705195817, -9758.667237293383, -8190.863312284674, -28688.26424792502, -28688.26424792502, -8972.869705195817, -8972.869705195817, -8972.869705195817, -8972.869705195817, -6942.5993834220535, -10276.82295911193, -9315.189084428415, -9315.189084428415, -10950.281961657325, -9315.189084428415, -8619.318272967066, -13993.466774235974], [-6571.789536472586, -6469.796079473728, -7052.0163443813035, -7165.452038348527, -4743.66733492357, -13204.486301234601, -5425.857595873982, -7031.614704781336, -14781.829748728334, -15479.915396069346, -15479.915396069346, -4772.698979992458, -4772.698979992458, -5898.255656404719, -5479.407730281611, -5297.712955299801, -5384.582445237676, -5191.514482299153, -5829.340340002054, -4411.421534732937, -4168.281750422393, -4256.7415770662665, -4499.89640695912, -11711.0148909188, -9879.713060805909, -10099.201585639341, -8713.999663545692, -9758.667237293383, -3073.1446741029904, -8269.097259456128, -14781.829748728334, -14781.829748728334, -4218.906119193954, -4218.906119193954, -4218.906119193954, -4218.906119193954, -9118.086701778175, -4187.144924223125, -4126.473251231328, -4218.666048877312, -4914.637388195248, -4652.362097560486, -3567.7212059898557, -5898.255656404719], [-6168.910341463403, -5653.224528438671, -5650.066890578513, -7741.9262249105395, -5991.709300466666, -13084.502783915364, -7551.2590398810935, -9420.467613734467, -15062.199933942338, -15880.240363784467, -15880.240363784467, -11872.154547506048, -11872.154547506048, -5128.616466814956, -8364.924381638084, -6789.907054416999, -6109.788135364818, -8725.981318678954, -7235.777133438408, -4488.945315570226, -4273.161858317758, -7478.203018838487, -6583.753918995701, -4620.065286712683, -5327.799735721592, -7593.734874463021, -6204.704022825196, -8190.863312284674, -8269.097259456128, -5128.616466814956, -15062.199933942338, -15062.199933942338, -5128.616466814956, -5128.616466814956, -5128.616466814956, -5128.616466814956, -4488.945315570226, -5128.616466814956, -7478.203018838487, -7478.203018838487, -5128.616466814956, -7478.203018838487, -4488.945315570226, -5128.616466814956], [-30595.58854300696, -24070.082234190773, -12086.783681173136, -43770.416137166605, -21154.80303437553, -53173.50471621673, -25511.25709937797, -27886.309028389653, 18604.542773455716, -55262.35751301179, -55262.35751301179, -47702.63671185205, -47702.63671185205, -18024.452534308024, -15064.604706772845, -20317.90472214283, -17357.943574315672, -16472.271809363643, -15062.199933942338, -14621.301706968234, -14711.764274214878, -14411.237879279255, -13010.013291425314, -23001.602509286193, -23848.609464005312, -30782.959807856067, -26791.929344535303, -28688.26424792502, -14781.829748728334, -15062.199933942338, -18024.452534308024, 18604.542773455716, -18024.452534308024, -18024.452534308024, -18024.452534308024, -18024.452534308024, -14621.301706968234, -18024.452534308024, -14411.237879279255, -14411.237879279255, -18024.452534308024, -14411.237879279255, -14621.301706968234, -18024.452534308024], [-30595.58854300696, -24070.082234190773, -12086.783681173136, -43770.416137166605, -21154.80303437553, -53173.50471621673, -25511.25709937797, -27886.309028389653, 18604.542773455716, -55262.35751301179, -55262.35751301179, -47702.63671185205, -47702.63671185205, -18024.452534308024, -15064.604706772845, -20317.90472214283, -17357.943574315672, -16472.271809363643, -15062.199933942338, -14621.301706968234, -14711.764274214878, -14411.237879279255, -13010.013291425314, -23001.602509286193, -23848.609464005312, -30782.959807856067, -26791.929344535303, -28688.26424792502, -14781.829748728334, -15062.199933942338, 18604.542773455716, -18024.452534308024, -18024.452534308024, -18024.452534308024, -18024.452534308024, -18024.452534308024, -14621.301706968234, -18024.452534308024, -14411.237879279255, -14411.237879279255, -18024.452534308024, -14411.237879279255, -14621.301706968234, -18024.452534308024], [-8809.308382835097, -7017.137782119261, -3012.941698407048, -11751.52387929277, -7607.296883412505, -15536.104283290424, -8212.880477893345, -11333.626738965426, -18024.452534308024, -18421.10286483656, -18421.10286483656, -15323.69529966575, -15323.69529966575, -4509.747899199881, -5132.422239302213, -5065.447508210148, -4020.2831261130655, -5131.8506497716735, -5128.616466814956, -2559.2192168485976, -3429.1638415699035, -4077.976374112352, -3842.5538784799114, -7372.8516372753, -6954.093278472359, -8275.891395709046, -7261.351535249291, -8972.869705195817, -4218.906119193954, -5128.616466814956, -18024.452534308024, -18024.452534308024, -4509.747899199881, -4509.747899199881, -4509.747899199881, -4509.747899199881, -2559.2192168485976, -4509.747899199881, -4077.976374112352, -4077.976374112352, -4509.747899199881, -4077.976374112352, -2559.2192168485976, -4509.747899199881], [-8809.308382835097, -7017.137782119261, -3012.941698407048, -11751.52387929277, -7607.296883412505, -15536.104283290424, -8212.880477893345, -11333.626738965426, -18024.452534308024, -18421.10286483656, -18421.10286483656, -15323.69529966575, -15323.69529966575, -4509.747899199881, -5132.422239302213, -5065.447508210148, -4020.2831261130655, -5131.8506497716735, -5128.616466814956, -2559.2192168485976, -3429.1638415699035, -4077.976374112352, -3842.5538784799114, -7372.8516372753, -6954.093278472359, -8275.891395709046, -7261.351535249291, -8972.869705195817, -4218.906119193954, -5128.616466814956, -18024.452534308024, -18024.452534308024, -4509.747899199881, -4509.747899199881, -4509.747899199881, -4509.747899199881, -2559.2192168485976, -4509.747899199881, -4077.976374112352, -4077.976374112352, -4509.747899199881, -4077.976374112352, -2559.2192168485976, -4509.747899199881], [-8809.308382835097, -7017.137782119261, -3012.941698407048, -11751.52387929277, -7607.296883412505, -15536.104283290424, -8212.880477893345, -11333.626738965426, -18024.452534308024, -18421.10286483656, -18421.10286483656, -15323.69529966575, -15323.69529966575, -4509.747899199881, -5132.422239302213, -5065.447508210148, -4020.2831261130655, -5131.8506497716735, -5128.616466814956, -2559.2192168485976, -3429.1638415699035, -4077.976374112352, -3842.5538784799114, -7372.8516372753, -6954.093278472359, -8275.891395709046, -7261.351535249291, -8972.869705195817, -4218.906119193954, -5128.616466814956, -18024.452534308024, -18024.452534308024, -4509.747899199881, -4509.747899199881, -4509.747899199881, -4509.747899199881, -2559.2192168485976, -4509.747899199881, -4077.976374112352, -4077.976374112352, -4509.747899199881, -4077.976374112352, -2559.2192168485976, -4509.747899199881], [-8809.308382835097, -7017.137782119261, -3012.941698407048, -11751.52387929277, -7607.296883412505, -15536.104283290424, -8212.880477893345, -11333.626738965426, -18024.452534308024, -18421.10286483656, -18421.10286483656, -15323.69529966575, -15323.69529966575, -4509.747899199881, -5132.422239302213, -5065.447508210148, -4020.2831261130655, -5131.8506497716735, -5128.616466814956, -2559.2192168485976, -3429.1638415699035, -4077.976374112352, -3842.5538784799114, -7372.8516372753, -6954.093278472359, -8275.891395709046, -7261.351535249291, -8972.869705195817, -4218.906119193954, -5128.616466814956, -18024.452534308024, -18024.452534308024, -4509.747899199881, -4509.747899199881, -4509.747899199881, -2559.2192168485976, -2559.2192168485976, -4509.747899199881, -4077.976374112352, -4077.976374112352, -4509.747899199881, -4077.976374112352, -2559.2192168485976, -4509.747899199881], [-6521.050517523129, -5432.164810755228, -3511.413027288328, -8296.398799896684, -420.6473263324595, -10793.497481252065, -5385.640462453185, -6852.469769309774, -14621.301706968234, -15393.781081295665, -15393.781081295665, -11940.979915702837, -11940.979915702837, -2559.2192168485976, -5151.756910573214, -3462.345029507947, -3545.1422815074916, -5684.892963025665, -4488.945315570226, -2934.109200853217, -2633.886916839641, -4593.4141118244515, -3820.9098681086866, -5023.091222258326, -5019.138597474651, -6100.327961547186, -5571.911044572184, -6942.5993834220535, -9118.086701778175, -4488.945315570226, -14621.301706968234, -14621.301706968234, -2559.2192168485976, -2559.2192168485976, -2559.2192168485976, -2559.2192168485976, -2559.2192168485976, -2559.2192168485976, -4593.4141118244515, -4593.4141118244515, -2559.2192168485976, -4593.4141118244515, -2934.109200853217, -2559.2192168485976], [-8809.308382835097, -7017.137782119261, -3012.941698407048, -11751.52387929277, -7607.296883412505, -15536.104283290424, -8212.880477893345, -11333.626738965426, -18024.452534308024, -18421.10286483656, -18421.10286483656, -15323.69529966575, -15323.69529966575, -5950.941182215876, -5860.188656530441, -6585.855879770319, -5903.230577174971, -5552.384099698193, -6233.364259380505, -4098.809216316848, -4385.881918806917, -3713.6611756986204, -4253.447705744915, -19309.20992316307, -10547.002383609986, -10808.731276529812, -25910.122459128732, -10276.82295911193, -4187.144924223125, -5128.616466814956, -18024.452534308024, -18024.452534308024, -4509.747899199881, -4509.747899199881, -4509.747899199881, -4509.747899199881, -2559.2192168485976, -4509.747899199881, -3032.0562200150234, -3620.8067714776116, -4509.747899199881, -3689.957276751331, -2559.2192168485976, -5950.941182215876], [-6519.895360828989, -6378.156737450034, -6807.771167457167, -7213.865299705059, -4397.987410203783, -9983.936044200429, -5033.860838127189, -6630.012710593647, -14411.237879279255, -15153.469949272889, -15153.469949272889, -11100.28574414332, -11100.28574414332, -3969.4622806322805, -10530.198227912046, -4855.809088933405, -6611.317048034038, -10865.773141738211, -7478.203018838487, -4564.8838831576395, -3980.2027922072084, -4077.976374112352, -7677.858102149199, -12654.961807759522, -12227.862777652488, -6392.1518380775005, -6202.387416417149, -9315.189084428415, -4126.473251231328, -7478.203018838487, -14411.237879279255, -14411.237879279255, -4077.976374112352, -4077.976374112352, -4077.976374112352, -4077.976374112352, -4593.4141118244515, -3032.0562200150234, -4077.976374112352, -4077.976374112352, -4210.51202274326, -4077.976374112352, -3548.26702144953, -3969.4622806322805], [-6519.895360828989, -6378.156737450034, -6807.771167457167, -7213.865299705059, -4397.987410203783, -9983.936044200429, -5033.860838127189, -6630.012710593647, -14411.237879279255, -15153.469949272889, -15153.469949272889, -11100.28574414332, -11100.28574414332, -4845.332618482116, -10530.198227912046, -5035.657313738404, -6611.317048034038, -10865.773141738211, -7478.203018838487, -4372.378151054363, -3980.2027922072084, -4077.976374112352, -7677.858102149199, -11199.521157549752, -12218.805923261809, -6392.1518380775005, -6202.387416417149, -9315.189084428415, -4218.666048877312, -7478.203018838487, -14411.237879279255, -14411.237879279255, -4077.976374112352, -4077.976374112352, -4077.976374112352, -4077.976374112352, -4593.4141118244515, -3620.8067714776116, -4077.976374112352, -4077.976374112352, -3823.5021199406365, -4077.976374112352, -3544.3916317964795, -4845.332618482116], [-8809.308382835097, -7017.137782119261, -3012.941698407048, -11751.52387929277, -7607.296883412505, -15536.104283290424, -8212.880477893345, -11333.626738965426, -18024.452534308024, -18421.10286483656, -18421.10286483656, -15323.69529966575, -15323.69529966575, -6702.5370797371015, -8408.409124482263, -9197.632849177848, -6174.537797305482, -5770.064575530796, -11424.469378082682, -4569.781139004579, -5838.587820543147, -3359.1996098237287, -5573.179747863054, -13372.530666443374, -11547.007569728907, -12490.03887641296, -10283.96300649611, -10950.281961657325, -4914.637388195248, -5128.616466814956, -18024.452534308024, -18024.452534308024, -4509.747899199881, -4509.747899199881, -4509.747899199881, -4509.747899199881, -2559.2192168485976, -4509.747899199881, -4210.51202274326, -3823.5021199406365, -4509.747899199881, -4242.201624478857, -2559.2192168485976, -6702.5370797371015], [-6519.895360828989, -6378.156737450034, -6807.771167457167, -7213.865299705059, -4397.987410203783, -9983.936044200429, -5033.860838127189, -6630.012710593647, -14411.237879279255, -15153.469949272889, -15153.469949272889, -11100.28574414332, -11100.28574414332, -4993.996159740156, -10530.198227912046, -4992.230018259797, -6611.317048034038, -10865.773141738211, -7478.203018838487, -4715.066862211865, -3980.2027922072084, -4077.976374112352, -7677.858102149199, -14045.506348857576, -11961.16925054906, -6392.1518380775005, -6202.387416417149, -9315.189084428415, -4652.362097560486, -7478.203018838487, -14411.237879279255, -14411.237879279255, -4077.976374112352, -4077.976374112352, -4077.976374112352, -4077.976374112352, -4593.4141118244515, -3689.957276751331, -4077.976374112352, -4077.976374112352, -4242.201624478857, -4077.976374112352, -3199.951859775836, -4993.996159740156], [-6521.050517523129, -5432.164810755228, -3511.413027288328, -8296.398799896684, -420.6473263324595, -10793.497481252065, -5385.640462453185, -6852.469769309774, -14621.301706968234, -15393.781081295665, -15393.781081295665, -11940.979915702837, -11940.979915702837, -4974.346080130559, -4691.0297784785, -4693.40564925416, -4798.919959316387, -4442.747858106079, -5157.817408756084, -3812.9323817008517, -4293.776218159037, -3272.9695411382963, -3956.5485447086794, -10461.722647730203, -9024.20939995494, -9252.379117380435, -8194.43133842307, -8619.318272967066, -3567.7212059898557, -4488.945315570226, -14621.301706968234, -14621.301706968234, -2559.2192168485976, -2559.2192168485976, -2559.2192168485976, -2559.2192168485976, -2934.109200853217, -2559.2192168485976, -3548.26702144953, -3544.3916317964795, -2559.2192168485976, -3199.951859775836, -2559.2192168485976, -4974.346080130559], [-8809.308382835097, -7017.137782119261, -3012.941698407048, -11751.52387929277, -7607.296883412505, -15536.104283290424, -8212.880477893345, -11333.626738965426, -18024.452534308024, -18421.10286483656, -18421.10286483656, -15323.69529966575, -15323.69529966575, -7148.554623940821, -7506.290840511563, -7945.236420105284, -6572.989814104629, -6127.396222171752, -14030.796874720574, -5820.099707383306, -5464.351886189506, -4349.055710311746, -6285.345623805682, -18452.80705911445, -9698.476925234689, -11800.224096558566, -10086.624853735913, -13993.466774235974, -5898.255656404719, -5128.616466814956, -18024.452534308024, -18024.452534308024, -4509.747899199881, -4509.747899199881, -4509.747899199881, -4509.747899199881, -2559.2192168485976, -5950.941182215876, -3969.4622806322805, -4845.332618482116, -6702.5370797371015, -4993.996159740156, -4974.346080130559, -7148.554623940821]]